466,9
466,8
466,7
466,6
2,7
467,4
467,3
467,2
467,1
467,0
466,5
466,4
466,3
466,2
466,1
466,0
465,4
465,3
465,2
465,1
465,0
464,4
464,3
464,2
464,1
464,0
463,4
463,3
463,2
463,1
463,0
462,5
462,4
462,3
462,2
462,1
462,0
461,5
461,4
461,3
461,2
461,1
461,0
460,4
460,3
460,2
460,1
460,0
459,3
459,2
459,1
459,0
458,148
458,105
458,99
458,147
458,146
458,104
458,97
458,103
458,98
458,102
458,93
458,145
458,101
458,91
458,100
458,15
458,144
458,95
458,96
458,143
458,142
458,92
458,141
458,94
458,140
458,89
458,139
458,90
458,138
458,84
458,87
458,137
458,82
458,136
458,88
458,86
458,135
458,134
458,85
458,83
458,133
458,132
458,80
458,131
458,81
458,69
458,130
458,129
458,74
458,64
458,77
458,128
458,72
458,79
458,78
458,71
458,76
458,75
458,65
458,73
458,61
458,66
458,70
458,52
458,68
458,67
458,59
458,56
458,48
458,63
458,62
458,53
458,60
458,55
458,58
458,57
458,46
458,49
458,54
458,44
458,37
458,51
458,50
458,43
458,30
458,47
458,38
458,45
458,35
458,39
458,42
458,41
458,40
458,33
458,27
458,16
458,36
458,25
458,34
458,26
458,32
458,31
458,24
458,29
458,28
458,21
458,17
458,19
458,23
458,22
458,20
458,6
458,18
458,7
458,13
458,5
458,14
458,12
458,4
458,11
458,10
458,9
458,8
458,3
458,2
458,1
458,0
457,234
457,320
457,121
457,233
457,256
457,125
457,127
457,112
457,232
457,126
457,116
457,231
457,230
457,229
457,228
457,227
457,122
457,124
457,117
457,226
457,123
457,108
457,225
457,224
457,223
457,222
457,118
457,221
457,111
457,120
457,41
457,220
457,219
457,119
457,105
457,218
457,217
457,113
457,216
457,215
457,214
457,107
457,213
457,102
457,212
457,115
457,81
457,114
457,39
457,211
457,109
457,210
457,99
457,209
457,104
457,110
457,208
457,79
457,207
457,206
457,106
457,205
457,96
457,204
457,203
457,202
457,201
457,100
457,103
457,200
457,199
457,94
457,198
457,197
457,97
457,196
457,195
457,101
457,194
457,93
457,193
457,192
457,191
457,190
457,98
457,189
457,188
457,92
457,88
457,187
457,186
457,185
457,95
457,184
457,90
457,86
457,183
457,182
457,181
457,180
457,91
457,179
457,82
457,178
457,177
457,176
457,175
457,80
457,85
457,174
457,89
457,173
457,172
457,171
457,84
457,170
457,169
457,87
457,168
457,167
457,166
457,165
457,74
457,164
457,83
457,163
457,162
457,72
457,77
457,161
457,160
457,159
457,75
457,158
457,78
457,71
457,157
457,156
457,155
457,69
457,154
457,153
457,76
457,152
457,151
457,150
457,149
457,68
457,148
457,73
457,147
457,67
457,146
457,145
457,144
457,55
457,143
457,142
457,70
457,52
457,141
457,140
457,139
457,138
457,49
457,137
457,66
457,136
457,47
457,59
457,135
457,134
457,57
457,133
457,132
457,63
457,131
457,130
457,129
457,128
457,65
457,64
457,54
457,62
457,61
457,60
457,33
457,58
457,31
457,56
457,26
457,44
457,53
457,24
457,51
457,50
457,18
457,48
457,14
457,46
457,45
457,34
457,43
457,42
457,40
457,38
457,37
457,36
457,35
457,22
457,17
457,32
457,13
457,30
457,29
457,28
457,27
457,25
457,23
457,16
457,21
457,20
457,19
457,15
457,5
457,4
457,6
457,12
457,11
457,10
457,9
457,8
457,7
457,3
457,2
457,1
457,0
456,3
456,2
456,1
456,0
455,5
455,4
455,3
455,2
455,1
455,0
454,4
454,3
454,2
454,1
454,0
453,4
453,3
453,2
453,1
453,0
452,4
452,3
452,2
452,1
452,0
451,3
451,2
451,1
451,0
450,4
450,3
450,2
450,1
450,0
449,3
449,2
449,1
449,0
448,4
448,3
448,2
448,1
448,0
447,4
447,3
447,2
447,1
447,0
446,4
446,3
446,2
446,1
446,0
445,4
445,3
445,2
445,1
445,0
444,6
444,5
444,4
444,3
444,2
444,1
444,0
442,7
442,6
2,6
443,4
443,3
443,2
443,1
443,0
442,5
442,4
442,3
442,2
442,1
442,0
441,4
441,3
441,2
441,1
441,0
440,4
440,3
440,2
440,1
440,0
439,4
439,3
439,2
439,1
439,0
438,5
438,4
438,3
438,2
438,1
438,0
437,5
437,4
437,3
437,2
437,1
437,0
436,4
436,3
436,2
436,1
436,0
435,3
435,2
435,1
435,0
434,19
434,18
434,17
434,5
434,16
434,15
434,6
434,14
434,13
434,11
434,12
434,10
434,4
434,9
434,8
434,7
434,3
434,2
434,1
434,0
433,35
433,34
433,33
433,32
433,22
433,31
433,30
433,29
433,17
433,28
433,18
433,27
433,26
433,14
433,25
433,13
433,24
433,23
433,16
433,21
433,20
433,19
433,15
433,5
433,4
433,6
433,12
433,11
433,10
433,9
433,8
433,7
433,3
433,2
433,1
433,0
432,3
432,2
432,1
432,0
431,5
431,4
431,3
431,2
431,1
431,0
430,4
430,3
430,2
430,1
430,0
429,4
429,3
429,2
429,1
429,0
428,4
428,3
428,2
428,1
428,0
427,3
427,2
427,1
427,0
426,4
426,3
426,2
426,1
426,0
425,3
425,2
425,1
425,0
424,4
424,3
424,2
424,1
424,0
423,4
423,3
423,2
423,1
423,0
422,4
422,3
422,2
422,1
422,0
421,4
421,3
421,2
421,1
421,0
420,6
420,5
420,4
420,3
420,2
420,1
420,0
407,6
0,310
0,305
0,308
0,307
0,302
0,304
0,303
0,12
0,10
0,8
0,0
0,522
0,546
0,300
0,437
0,403
0,299
0,426
0,402
0,298
0,509
0,401
0,297
0,543
0,398
0,296
0,470
0,400
0,295
0,521
0,533
0,294
0,542
0,489
0,293
0,532
0,397
0,292
0,520
0,457
0,291
0,519
0,530
0,290
0,497
0,396
0,289
0,538
0,395
0,288
0,508
0,394
0,287
0,574
0,518
0,286
0,571
0,393
0,285
0,562
0,528
0,284
0,516
0,413
0,283
0,525
0,390
0,282
0,566
0,319
0,281
0,515
0,570
0,280
0,513
0,389
0,279
0,512
0,388
0,278
0,479
0,387
0,277
0,514
0,358
0,276
0,568
0,386
0,275
0,469
0,377
0,274
0,468
0,412
0,273
0,496
0,383
0,272
0,565
0,467
0,271
0,376
0,511
0,270
0,382
0,269
0,491
0,381
0,268
0,455
0,380
0,267
0,369
0,379
0,266
0,510
0,465
0,265
0,410
0,378
0,264
0,461
0,352
0,263
0,460
0,569
0,262
0,375
0,261
0,341
0,459
0,260
0,548
0,348
0,259
0,539
0,374
0,258
0,536
0,373
0,257
0,436
0,372
0,256
0,406
0,371
0,255
0,434
0,507
0,254
0,334
0,370
0,253
0,456
0,399
0,252
0,561
0,407
0,251
0,529
0,367
0,250
0,392
0,454
0,249
0,535
0,484
0,248
0,366
0,247
0,503
0,365
0,246
0,364
0,245
0,498
0,363
0,244
0,405
0,362
0,242
0,554
0,361
407,1
407,5
2,0
0,408
0,411
0,430
2,5
0,449
0,453
0,462
1,3
1,1
0,464
0,471
0,476
0,477
0,480
3,1
0,488
0,494
407,7
0,575
2,2
388,0
408,0
408,3
408,1
388,3
388,5
388,6
388,8
388,9
388,11
407,4
389,1
389,3
389,4
390,1
390,3
390,4
391,1
391,2
391,4
392,1
392,2
392,3
406,3
406,1
393,0
393,1
393,2
397,1
405,0
394,0
394,1
394,2
394,3
394,4
395,0
395,2
395,3
402,0
402,3
396,2
396,3
396,4
398,0
398,1
398,2
398,4
400,0
400,1
400,3
400,5
400,6
400,8
400,9
400,11
400,13
400,14
401,0
401,1
401,3
402,4
405,2
406,2
406,4
407,9
407,10
407,12
408,2
412,0
412,2
412,3
412,5
412,7
412,8
412,10
412,11
412,13
412,14
412,16
412,18
412,19
412,21
412,22
412,24
412,26
412,27
412,29
412,30
412,32
412,33
412,35
412,37
412,38
412,40
412,41
412,43
412,45
412,46
412,48
412,49
412,51
412,52
412,54
412,56
412,57
414,0
414,1
414,3
415,0
415,1
415,4
416,0
416,3
416,5
417,0
417,2
417,3
419,0
419,1
419,3
419,5
419,4
419,2
417,4
417,1
416,4
416,1
415,3
414,4
414,2
412,58
412,55
412,53
412,50
412,47
412,44
412,42
412,39
412,36
412,34
412,31
412,28
412,25
412,23
412,20
412,17
412,15
412,12
412,9
412,6
412,4
412,1
407,13
407,11
407,8
405,4
402,2
401,2
400,15
400,12
400,10
400,7
400,4
400,2
407,2
398,3
408,4
397,2
402,1
396,1
396,0
395,1
397,4
405,1
405,3
393,3
397,3
397,0
392,4
406,0
392,0
391,3
391,0
390,2
390,0
389,2
389,0
388,10
388,7
388,4
388,2
388,1
2,4
0,506
0,495
0,486
3,3
3,0
0,466
0,463
1,0
2,1
0,441
2,3
0,385
0,384
0,322
407,3
0,243
407,0
0,9
0,241
0,504
0,240
0,360
0,239
0,451
0,490
0,238
0,450
0,237
0,487
0,357
0,236
0,318
0,502
0,235
0,547
0,368
0,234
0,425
0,356
0,233
0,424
0,355
0,232
0,420
0,354
0,231
0,531
0,230
0,445
0,540
0,229
0,485
0,351
0,228
0,443
0,329
0,227
0,483
0,350
0,226
0,501
0,567
0,225
0,440
0,534
0,224
0,564
0,347
0,223
0,493
0,439
0,222
0,391
0,500
0,221
0,446
0,346
0,220
0,423
0,345
0,219
0,353
0,344
0,218
0,553
0,416
0,217
0,349
0,343
0,216
0,433
0,342
0,215
0,432
0,421
0,214
0,549
0,419
0,213
0,481
0,429
0,212
0,573
0,499
0,211
0,560
0,339
0,210
0,478
0,338
0,209
0,417
0,337
0,208
0,572
0,336
0,207
0,340
0,428
0,206
0,555
0,335
0,205
0,427
0,452
0,204
0,524
0,409
0,203
0,475
0,332
0,202
0,523
0,552
0,201
0,559
0,551
0,200
0,474
0,331
0,199
0,422
0,545
0,198
0,482
0,333
0,197
0,527
0,328
0,196
0,330
0,418
0,195
0,558
0,473
0,194
0,447
0,327
0,193
0,541
0,326
0,192
0,325
0,63
0,526
0,324
0,62
0,323
0,61
0,444
0,321
0,60
0,544
0,435
0,59
0,442
0,320
0,58
0,563
0,57
0,557
0,556
0,56
0,438
0,317
0,55
0,492
0,415
0,54
0,550
0,414
0,53
0,517
0,316
0,52
0,448
0,315
0,51
0,537
0,314
0,50
0,505
0,313
0,49
0,431
0,312
0,48
0,404
0,311
0,47
0,472
0,309
0,46
0,458
0,306
0,45
0,359
0,301
0,6
0,5
0,1
0,11
0,4
0,2
0,3
0,7
